(0,5)-(0,3,4,6) (1,6,3,2,4)-(1,5,2)
(0,3,6)-(0,3,5) (1,4,5,2)-(1,4,2,6)
(0,1,6)-(0,1,4,5) (2,4,3,5)-(2,6,3)
(0,2,6)-(0,4,2,5) (1,4,3,5)-(1,6,3)
(0,2,6)-(0,2,5,4,1) (1,5,3,4)-(3,6)
(0,3,5)-(6) (1,4,6,2)-(0,3,2,1,4,5)
(0,2,4,1)-(0,2,5,1,6) (3,6,5)-(3,4)
(0,3,4,1)-(0,5,1,3,6) (2,6,5)-(2,4)
(0,3,4,1)-(0,6,1,3,5) (2,6,5)-(2,4)
(0,3,6,2)-(0,3,5,1,2) (1,4,5)-(4,6)
(0,2,6,4)-(5) (1,3,5)-(0,2,1,6,3,4)
(0,3,5,1)-(0,3,4,2,1,6) (2,6,4)-(5)
(0,2,4,5,1)-(0,4,6,2,1) (3,6)-(3,5)
(0,2,4,5,1)-(0,6,2,1,4) (3,6)-(3,5)
(0,3,5,1,4)-(3,6) (2,6)-(0,5,1,2,4)
(0,1,3,4,2)-(0,1,6,3,5,2) (5,6)-(4)
(0,1,3,5,2)-(6) (4,6)-(0,1,3,4,5,2)
(0,2,3,4,1)-(0,3,5,2,6,1) (5,6)-(4)
(0,3,4,2,1)-(0,6,1,3,5,2) (5,6)-(4)
(0,1,2,4,5,3)-(0,2,6,3,1,4) (6)-(5)
(0,1,4,5,3,2)-(0,1,4,3,6,2) (6)-(5)
(0,1,4,5,3,2)-(0,3,1,4,6,2) (6)-(5)
(0,2,3,4,5,1)-(0,4,2,6,3,1) (6)-(5)
(0,2,4,5,3,1)-(0,4,6,3,2,1) (6)-(5)
