(0)-(3) (1)-(2) (2,4,3,5)-(6,7) (6)-(0,1) (7)-(4,5)
(0)-(4) (1)-(2,3) (2,5,3,4)-(6,7) (6)-(5) (7)-(0,1)
(0,3)-(7) (1,2)-(6) (4)-(2,3) (5)-(0,1) (6,7)-(4,5)
(0,4)-(6) (1,6)-(4,7) (2,7)-(3,5) (3)-(1) (5)-(0,2)
(0,1)-(0,4) (2,3)-(1,7) (4,7)-(5,6) (5)-(3) (6)-(2)
(0,1)-(0,3) (2,3)-(6) (4,6)-(5,7) (5)-(4) (7)-(1,2)
(0,1,2)-(0,1,7) (3)-(6) (4)-(5) (5,6)-(2) (7)-(3,4)
(0,4,1)-(7) (2)-(4) (3)-(5) (5,7)-(0,6,1) (6)-(2,3)
(0,3,1)-(7) (2)-(4) (4,7)-(5,6) (5)-(3) (6)-(0,2,1)
(0,3,1)-(7) (2)-(3) (4,7)-(5,6) (5)-(4) (6)-(0,2,1)
(0,1,2)-(0,1,7) (3,4)-(5,6) (5)-(4) (6)-(2) (7)-(3)
(0,2,1)-(6,7) (3,4)-(0,5,1) (5)-(4) (6)-(2) (7)-(3)
(0,2,1)-(6,7) (3,4)-(0,5,1) (5)-(2) (6)-(4) (7)-(3)
