(0,1,4,6,2,5,3,7)-(0,1,4,5,3,6,2,7)
(0,1,7,4,3,5,6,2)-(0,1,3,6,7,5,4,2)
(0,1,7,3,5,4,6,2)-(0,1,3,6,5,7,4,2)
(0,2,1,7,6,4,5,3)-(0,4,7,2,1,5,6,3)
(0,3,4,2,7,5,1,6)-(0,3,5,1,7,4,2,6)
(0,7,6,5,4,3,2,1)-(0,2,5,7,4,6,3,1)
(0,7,5,3,2,4,6,1)-(0,2,5,6,7,4,3,1)
(0,7,3,5,2,4,6,1)-(0,2,6,5,7,4,3,1)
(0,7,3,5,2,4,6,1)-(0,2,7,4,5,6,3,1)
(0,7,5,2,4,3,6,1)-(0,2,6,5,4,7,3,1)
(0,7,5,3,1,2,4,6)-(0,1,6,5,4,7,3,2)
(0,7,5,4,3,1,2,6)-(0,1,6,4,7,3,5,2)
(0,7,5,4,2,1,3,6)-(0,1,4,7,3,5,6,2)
(0,7,5,2,4,1,3,6)-(0,1,5,6,4,7,3,2)
(0,7,4,2,6,5,1,3)-(0,4,2,7,5,1,6,3)
(0,7,3,5,1,4,2,6)-(0,4,2,5,1,7,3,6)
(0,7,3,1,6,4,5,2)-(0,4,3,1,5,7,6,2)
(0,7,2,1,6,4,5,3)-(0,5,7,6,2,1,4,3)
