(0,7)-(0,4,5,6) (1,5,3,6,2,4)-(1,7,3,2)
(0,2,6)-(0,5,7,2,4,1) (1,5,3,7,4)-(3,6)
(0,3,5,6)-(1,3,5,7) (1,2,4,7)-(0,2,4,6)
(0,7,1,2)-(3,6,4,5) (3,6,4,5)-(0,7,1,2)
(0,7,3,4)-(0,5,3,6) (1,5,2,6)-(1,7,2,4)
(0,4,7,1)-(0,5,3,1,4,6,2) (2,5,3,6)-(7)
(0,1,4,3,5)-(0,1,7,3,6) (2,7,6)-(2,4,5)
(0,4,6,3,5)-(3,7,4) (1,2,7)-(0,1,6,2,5)
(0,4,5,2,1)-(0,7,4,2,6,1) (3,7,6)-(3,5)
(0,1,3,4,2)-(0,6,1,5,2,3,7) (5,7,6)-(4)
(0,2,6,7,4)-(5) (1,3,5)-(0,2,7,1,3,6,4)
(0,1,5,6,3,2)-(0,1,3,7,5,2) (4,7)-(4,6)
(0,1,5,3,7,4)-(3,6) (2,6)-(0,1,7,2,5,4)
(0,3,4,1,2,5)-(0,3,6,1,2,7) (6,7)-(4,5)
(0,3,4,5,2,1)-(0,7,3,2,4,6,1) (6,7)-(5)
(0,1,4,5,6,3,2)-(0,1,3,5,7,4,2) (7)-(6)
(0,4,2,5,6,3,1)-(0,2,7,4,3,5,1) (7)-(6)
(0,4,1,2,5,6,3)-(0,1,7,4,2,3,5) (7)-(6)
