(0)-(3) (1)-(4) (2)-(5) (3,7)-(6) (4,6,5)-(7,8) (8)-(0,2,1)
(0)-(1) (1,2)-(8) (3,6)-(4,5) (4)-(3) (5,8)-(6,7) (7)-(0,2)
(0)-(3) (1,2)-(8) (3,6)-(5,7) (4)-(1) (5,8)-(4,6) (7)-(0,2)
(0)-(1) (1,5)-(8) (2,3)-(4,6) (4)-(2) (6,8)-(5,7) (7)-(0,3)
(0)-(2) (1,5)-(8) (2,6)-(5,7) (3,8)-(4,6) (4)-(1) (7)-(0,3)
(0)-(4) (1,2)-(5) (3,5,4)-(6,7,8) (6)-(3) (7)-(2) (8)-(0,1)
(0)-(2) (1,2)-(5) (3,5,4)-(6,7,8) (6)-(4) (7)-(3) (8)-(0,1)
(0,1)-(0,8) (2)-(7) (3)-(5) (4)-(6) (5,7,6)-(1) (8)-(2,4,3)
(0,1)-(0,2) (2)-(3) (3,7)-(6,8) (4,8)-(5,7) (5)-(4) (6)-(1)
(0,1)-(0,6) (2)-(3) (3,8)-(1) (4,5)-(7,8) (6)-(2,4) (7)-(5)
(0,1)-(0,2) (2)-(3) (3,5,4)-(6,8,7) (6)-(4) (7)-(5) (8)-(1)
(0,8)-(5,7) (1,7)-(3,6) (2,6)-(4,8) (3)-(1) (4)-(0) (5)-(2)
(0,2,1)-(7,8) (3,8)-(4,6,5) (4)-(1) (5)-(2) (6)-(0) (7)-(3)
(0,2,1)-(7,8) (3,8)-(4,6,5) (4)-(3) (5)-(2) (6)-(1) (7)-(0)
