((2, 3, 1, 4, 0, 6, 8, 9, 10, 11, 12, 13, 14, 15, 7, 5),)
((2, 3, 1, 4, 6, 0, 5, 8, 10, 11, 12, 13, 14, 15, 9, 7),)
((2, 3, 1, 4, 6, 0, 8, 9, 10, 11, 5, 12, 14, 15, 13, 7),)
((2, 3, 1, 4, 6, 0, 8, 9, 10, 11, 12, 14, 5, 15, 13, 7),)
((2, 3, 1, 4, 6, 0, 8, 9, 10, 12, 5, 14, 11, 15, 13, 7),)
((2, 3, 1, 4, 6, 0, 8, 9, 10, 12, 13, 14, 15, 5, 7, 11),)
((2, 3, 1, 4, 6, 0, 8, 10, 5, 12, 9, 13, 14, 15, 11, 7),)
((2, 3, 1, 4, 6, 0, 8, 10, 11, 12, 14, 13, 15, 5, 9, 7),)
((2, 3, 1, 4, 6, 0, 8, 10, 11, 12, 14, 15, 7, 9, 13, 5),)
((2, 3, 1, 4, 6, 0, 8, 10, 12, 13, 9, 7, 14, 15, 5, 11),)
((2, 3, 1, 4, 6, 0, 8, 10, 12, 13, 9, 14, 5, 15, 7, 11),)
((2, 3, 1, 4, 6, 7, 8, 9, 10, 11, 12, 14, 0, 15, 13, 5),)
((2, 3, 1, 4, 6, 7, 8, 9, 10, 12, 0, 14, 11, 15, 13, 5),)
((2, 3, 1, 4, 6, 7, 8, 10, 0, 12, 9, 13, 14, 15, 11, 5),)
((2, 3, 1, 4, 6, 7, 8, 10, 11, 12, 14, 0, 15, 5, 9, 13),)
((2, 3, 1, 4, 6, 7, 8, 10, 11, 12, 14, 15, 5, 9, 13, 0),)
((2, 3, 1, 4, 6, 7, 8, 10, 12, 14, 9, 0, 11, 15, 13, 5),)
((2, 3, 1, 4, 6, 8, 0, 10, 7, 11, 12, 13, 14, 15, 9, 5),)
((2, 3, 1, 4, 6, 8, 9, 10, 12, 11, 14, 0, 7, 15, 13, 5),)
((2, 3, 1, 4, 6, 8, 9, 10, 12, 11, 14, 13, 15, 0, 5, 7),)
((2, 3, 1, 4, 6, 8, 9, 10, 12, 13, 5, 14, 15, 0, 7, 11),)
((2, 3, 1, 4, 6, 8, 9, 10, 12, 13, 14, 0, 15, 11, 5, 7),)
((2, 3, 1, 4, 6, 8, 10, 11, 7, 5, 12, 13, 14, 15, 0, 9),)
((2, 3, 1, 4, 6, 8, 10, 11, 7, 12, 0, 13, 14, 15, 5, 9),)
((2, 3, 1, 4, 6, 8, 10, 11, 7, 12, 14, 15, 5, 9, 0, 13),)
((2, 3, 1, 4, 6, 8, 10, 11, 12, 14, 9, 15, 7, 5, 0, 13),)
((2, 3, 1, 4, 6, 8, 10, 12, 7, 13, 9, 14, 15, 0, 5, 11),)
((2, 3, 1, 4, 6, 8, 10, 12, 14, 15, 9, 5, 11, 7, 13, 0),)
((2, 3, 4, 5, 6, 7, 1, 8, 10, 12, 0, 14, 15, 11, 9, 13),)
((2, 3, 4, 5, 6, 7, 1, 8, 10, 12, 14, 13, 11, 15, 0, 9),)
((2, 3, 4, 5, 6, 7, 8, 9, 1, 10, 12, 14, 0, 15, 13, 11),)
((2, 3, 4, 5, 6, 7, 8, 10, 11, 0, 12, 14, 15, 1, 9, 13),)
((2, 3, 4, 5, 6, 7, 8, 10, 11, 12, 14, 1, 15, 9, 0, 13),)
((2, 3, 4, 5, 6, 7, 8, 10, 12, 0, 13, 14, 9, 15, 1, 11),)
((2, 3, 4, 5, 6, 7, 8, 10, 12, 0, 13, 14, 15, 11, 1, 9),)
((2, 3, 4, 5, 6, 7, 8, 10, 12, 0, 14, 9, 11, 15, 13, 1),)
((2, 3, 4, 5, 6, 7, 8, 10, 12, 0, 14, 13, 9, 15, 11, 1),)
((2, 3, 4, 5, 6, 7, 8, 10, 12, 0, 14, 13, 15, 1, 11, 9),)
((2, 3, 4, 5, 6, 7, 8, 10, 12, 0, 14, 15, 9, 11, 13, 1),)
((2, 3, 4, 5, 6, 8, 1, 10, 7, 12, 13, 14, 15, 0, 9, 11),)
((2, 3, 4, 5, 6, 8, 1, 10, 12, 11, 0, 14, 7, 15, 13, 9),)
((2, 3, 4, 5, 6, 8, 1, 10, 12, 13, 14, 15, 0, 11, 9, 7),)
((2, 3, 4, 5, 6, 8, 9, 0, 10, 12, 7, 14, 1, 15, 13, 11),)
((2, 3, 4, 5, 6, 8, 9, 0, 10, 12, 14, 15, 7, 11, 13, 1),)
((2, 3, 4, 5, 6, 8, 9, 10, 11, 12, 1, 14, 15, 0, 7, 13),)
((2, 3, 4, 5, 6, 8, 9, 10, 11, 12, 14, 7, 15, 0, 1, 13),)
((2, 3, 4, 5, 6, 8, 9, 10, 12, 1, 0, 14, 7, 15, 13, 11),)
((2, 3, 4, 5, 6, 8, 9, 10, 12, 1, 14, 15, 0, 11, 13, 7),)
((2, 3, 4, 5, 6, 8, 9, 10, 12, 7, 14, 1, 15, 11, 0, 13),)
((2, 3, 4, 5, 6, 8, 9, 10, 12, 11, 0, 14, 15, 1, 7, 13),)
((2, 3, 4, 5, 6, 8, 9, 10, 12, 11, 14, 1, 0, 15, 13, 7),)
((2, 3, 4, 5, 6, 8, 9, 10, 12, 13, 14, 7, 0, 15, 11, 1),)
((2, 3, 4, 5, 6, 8, 9, 10, 12, 14, 1, 7, 11, 15, 13, 0),)
((2, 3, 4, 5, 6, 8, 9, 10, 12, 14, 13, 15, 7, 1, 11, 0),)
((2, 3, 4, 5, 6, 8, 9, 10, 12, 14, 15, 13, 11, 1, 7, 0),)
((2, 3, 4, 5, 6, 8, 10, 0, 11, 7, 12, 14, 9, 15, 13, 1),)
((2, 3, 4, 5, 6, 8, 10, 0, 11, 12, 1, 14, 15, 9, 7, 13),)
((2, 3, 4, 5, 6, 8, 10, 0, 11, 12, 7, 14, 1, 15, 13, 9),)
((2, 3, 4, 5, 6, 8, 10, 0, 11, 12, 14, 9, 1, 15, 13, 7),)
((2, 3, 4, 5, 6, 8, 10, 0, 12, 7, 9, 14, 11, 15, 13, 1),)
((2, 3, 4, 5, 6, 8, 10, 0, 12, 11, 9, 14, 15, 1, 7, 13),)
((2, 3, 4, 5, 6, 8, 10, 0, 12, 11, 13, 14, 15, 7, 1, 9),)
((2, 3, 4, 5, 6, 8, 10, 0, 12, 13, 14, 9, 11, 15, 7, 1),)
((2, 3, 4, 5, 6, 8, 10, 0, 12, 14, 7, 9, 15, 11, 1, 13),)
((2, 3, 4, 5, 6, 8, 10, 0, 12, 14, 7, 13, 15, 1, 11, 9),)
((2, 3, 4, 5, 6, 8, 10, 0, 12, 14, 7, 15, 11, 1, 13, 9),)
((2, 3, 4, 5, 6, 8, 10, 0, 12, 14, 13, 1, 9, 15, 11, 7),)
((2, 3, 4, 5, 6, 8, 10, 0, 12, 14, 13, 15, 7, 1, 11, 9),)
((2, 3, 4, 5, 6, 8, 10, 0, 12, 14, 15, 1, 9, 11, 13, 7),)
((2, 3, 4, 5, 6, 8, 10, 0, 12, 14, 15, 13, 9, 7, 1, 11),)
((2, 3, 4, 5, 6, 8, 10, 0, 12, 14, 15, 13, 11, 1, 7, 9),)
((2, 3, 4, 5, 6, 8, 10, 12, 11, 13, 7, 14, 0, 15, 9, 1),)
((2, 3, 4, 5, 6, 8, 10, 12, 11, 13, 7, 14, 15, 1, 9, 0),)
((2, 3, 4, 5, 6, 8, 10, 12, 11, 14, 1, 15, 9, 7, 13, 0),)
((2, 3, 4, 5, 6, 8, 10, 12, 13, 14, 7, 1, 15, 9, 11, 0),)
((2, 3, 4, 5, 6, 8, 10, 12, 13, 14, 9, 15, 1, 7, 11, 0),)
((2, 3, 4, 5, 6, 8, 10, 12, 14, 13, 7, 0, 15, 1, 9, 11),)
((2, 3, 4, 5, 6, 8, 10, 12, 14, 13, 7, 1, 0, 15, 9, 11),)
((2, 3, 4, 5, 6, 8, 10, 12, 14, 13, 7, 9, 0, 15, 11, 1),)
((2, 3, 4, 5, 6, 8, 10, 12, 14, 13, 7, 9, 15, 1, 11, 0),)
((2, 3, 4, 5, 6, 8, 10, 12, 14, 13, 9, 15, 0, 7, 11, 1),)
((2, 3, 4, 6, 1, 8, 5, 9, 10, 12, 13, 14, 15, 0, 7, 11),)
((2, 3, 4, 6, 1, 8, 5, 10, 11, 12, 14, 0, 15, 7, 9, 13),)
((2, 3, 4, 6, 1, 8, 5, 10, 11, 12, 14, 13, 15, 0, 9, 7),)
((2, 3, 4, 6, 1, 8, 5, 10, 12, 13, 9, 14, 0, 15, 7, 11),)
((2, 3, 4, 6, 1, 8, 5, 10, 12, 14, 9, 0, 11, 15, 13, 7),)
((2, 3, 4, 6, 1, 8, 10, 9, 0, 12, 5, 14, 15, 11, 7, 13),)
((2, 3, 4, 6, 1, 8, 10, 9, 0, 12, 14, 13, 11, 15, 5, 7),)
((2, 3, 4, 6, 1, 8, 10, 9, 12, 11, 0, 13, 14, 15, 7, 5),)
((2, 3, 4, 6, 1, 8, 10, 9, 12, 13, 5, 14, 0, 15, 7, 11),)
((2, 3, 4, 6, 1, 8, 10, 11, 0, 12, 5, 14, 15, 7, 9, 13),)
((2, 3, 4, 6, 1, 8, 10, 11, 12, 14, 5, 9, 0, 15, 13, 7),)
((2, 3, 4, 6, 1, 8, 10, 11, 12, 14, 5, 13, 0, 15, 7, 9),)
((2, 3, 4, 6, 1, 8, 10, 11, 12, 14, 15, 9, 7, 5, 13, 0),)
((2, 3, 4, 6, 1, 8, 10, 12, 0, 14, 13, 9, 15, 5, 7, 11),)
((2, 3, 4, 6, 1, 8, 10, 12, 0, 14, 13, 15, 9, 5, 11, 7),)
((2, 3, 4, 6, 1, 8, 10, 12, 7, 13, 14, 15, 11, 5, 0, 9),)
((2, 3, 4, 6, 1, 8, 10, 12, 13, 14, 5, 9, 15, 0, 7, 11),)
((2, 3, 4, 6, 1, 8, 10, 12, 14, 15, 0, 9, 11, 5, 7, 13),)
((2, 3, 4, 6, 1, 8, 10, 12, 14, 15, 5, 9, 11, 7, 0, 13),)
((2, 3, 4, 6, 7, 8, 9, 10, 1, 12, 14, 13, 15, 0, 11, 5),)
((2, 3, 4, 6, 7, 8, 9, 10, 12, 5, 14, 13, 1, 15, 11, 0),)
((2, 3, 4, 6, 7, 8, 9, 10, 12, 14, 13, 0, 1, 15, 5, 11),)
((2, 3, 4, 6, 7, 8, 9, 10, 12, 14, 13, 15, 1, 11, 5, 0),)
((2, 3, 4, 6, 7, 8, 10, 5, 12, 1, 13, 14, 15, 11, 9, 0),)
((2, 3, 4, 6, 7, 8, 10, 5, 12, 1, 14, 13, 0, 15, 11, 9),)
((2, 3, 4, 6, 7, 8, 10, 5, 12, 13, 14, 9, 0, 15, 11, 1),)
((2, 3, 4, 6, 7, 8, 10, 5, 12, 14, 9, 13, 15, 1, 11, 0),)
((2, 3, 4, 6, 7, 8, 10, 9, 0, 12, 5, 14, 1, 15, 13, 11),)
((2, 3, 4, 6, 7, 8, 10, 9, 11, 12, 5, 14, 15, 0, 1, 13),)
((2, 3, 4, 6, 7, 8, 10, 9, 11, 12, 14, 1, 15, 0, 5, 13),)
((2, 3, 4, 6, 7, 8, 10, 9, 12, 1, 5, 14, 0, 15, 13, 11),)
((2, 3, 4, 6, 7, 8, 10, 9, 12, 5, 14, 13, 15, 1, 11, 0),)
((2, 3, 4, 6, 7, 8, 10, 9, 12, 11, 0, 14, 15, 5, 1, 13),)
((2, 3, 4, 6, 7, 8, 10, 9, 12, 13, 0, 14, 15, 1, 5, 11),)
((2, 3, 4, 6, 7, 8, 10, 9, 12, 13, 14, 1, 0, 15, 11, 5),)
((2, 3, 4, 6, 7, 8, 10, 9, 12, 14, 5, 1, 11, 15, 13, 0),)
((2, 3, 4, 6, 7, 8, 10, 9, 12, 14, 13, 1, 15, 11, 5, 0),)
((2, 3, 4, 6, 7, 8, 10, 9, 12, 14, 13, 15, 1, 5, 11, 0),)
((2, 3, 4, 6, 7, 8, 10, 11, 0, 12, 14, 9, 5, 15, 13, 1),)
((2, 3, 4, 6, 7, 8, 10, 11, 1, 12, 9, 14, 5, 15, 13, 0),)
((2, 3, 4, 6, 7, 8, 10, 11, 12, 1, 14, 9, 15, 5, 0, 13),)
((2, 3, 4, 6, 7, 8, 10, 11, 12, 5, 14, 9, 0, 15, 13, 1),)
((2, 3, 4, 6, 7, 8, 10, 11, 12, 14, 0, 9, 15, 5, 1, 13),)
((2, 3, 4, 6, 7, 8, 10, 11, 12, 14, 0, 13, 15, 1, 5, 9),)
((2, 3, 4, 6, 7, 8, 10, 11, 12, 14, 13, 1, 9, 15, 5, 0),)
((2, 3, 4, 6, 7, 8, 10, 11, 12, 14, 13, 15, 1, 5, 0, 9),)
((2, 3, 4, 6, 7, 8, 10, 11, 12, 14, 15, 13, 0, 5, 1, 9),)
((2, 3, 4, 6, 7, 8, 10, 11, 12, 14, 15, 13, 9, 1, 5, 0),)
((2, 3, 4, 6, 7, 8, 10, 12, 0, 5, 13, 14, 9, 15, 1, 11),)
((2, 3, 4, 6, 7, 8, 10, 12, 0, 14, 13, 9, 5, 15, 1, 11),)
((2, 3, 4, 6, 7, 8, 10, 12, 1, 5, 13, 14, 15, 9, 0, 11),)
((2, 3, 4, 6, 7, 8, 10, 12, 1, 14, 9, 13, 11, 15, 5, 0),)
((2, 3, 4, 6, 7, 8, 10, 12, 1, 14, 9, 13, 15, 0, 5, 11),)
((2, 3, 4, 6, 7, 8, 10, 12, 11, 5, 14, 1, 15, 0, 9, 13),)
((2, 3, 4, 6, 7, 8, 10, 12, 11, 14, 5, 1, 9, 15, 13, 0),)
((2, 3, 4, 6, 7, 8, 10, 12, 11, 14, 5, 9, 15, 0, 1, 13),)
((2, 3, 4, 6, 7, 8, 10, 12, 11, 14, 13, 9, 1, 15, 5, 0),)
((2, 3, 4, 6, 7, 8, 10, 12, 13, 1, 5, 14, 15, 9, 0, 11),)
((2, 3, 4, 6, 7, 8, 10, 12, 13, 1, 14, 9, 5, 15, 11, 0),)
((2, 3, 4, 6, 7, 8, 10, 12, 13, 5, 0, 14, 11, 15, 1, 9),)
((2, 3, 4, 6, 7, 8, 10, 12, 13, 5, 14, 1, 15, 0, 11, 9),)
((2, 3, 4, 6, 7, 8, 10, 12, 13, 11, 0, 14, 1, 15, 5, 9),)
((2, 3, 4, 6, 7, 8, 10, 12, 13, 14, 9, 1, 5, 15, 11, 0),)
((2, 3, 4, 6, 7, 8, 10, 12, 13, 14, 15, 1, 11, 9, 5, 0),)
((2, 3, 4, 6, 7, 8, 10, 12, 13, 14, 15, 9, 5, 0, 1, 11),)
((2, 3, 4, 6, 7, 8, 10, 12, 14, 1, 0, 9, 11, 15, 13, 5),)
((2, 3, 4, 6, 7, 8, 10, 12, 14, 1, 5, 13, 11, 15, 9, 0),)
((2, 3, 4, 6, 7, 8, 10, 12, 14, 1, 13, 9, 15, 11, 0, 5),)
((2, 3, 4, 6, 7, 8, 10, 12, 14, 5, 9, 1, 15, 0, 11, 13),)
((2, 3, 4, 6, 7, 8, 10, 12, 14, 5, 13, 1, 15, 0, 9, 11),)
((2, 3, 4, 6, 7, 8, 10, 12, 14, 5, 15, 1, 9, 0, 13, 11),)
((2, 3, 4, 6, 7, 8, 10, 12, 14, 5, 15, 1, 11, 0, 9, 13),)
((2, 3, 4, 6, 7, 8, 10, 12, 14, 11, 9, 15, 5, 0, 13, 1),)
((2, 3, 4, 6, 7, 8, 10, 12, 14, 13, 5, 15, 9, 0, 11, 1),)
((2, 3, 4, 6, 7, 8, 10, 12, 14, 13, 15, 9, 11, 0, 1, 5),)
((2, 3, 4, 6, 8, 7, 10, 12, 13, 0, 5, 9, 14, 15, 1, 11),)
((2, 3, 4, 6, 8, 7, 10, 12, 13, 11, 14, 0, 1, 15, 5, 9),)
((2, 3, 4, 6, 8, 7, 10, 12, 13, 14, 5, 0, 15, 9, 11, 1),)
((2, 3, 4, 6, 8, 7, 10, 12, 14, 13, 5, 0, 1, 15, 9, 11),)
((2, 3, 4, 6, 8, 7, 10, 12, 14, 13, 5, 0, 15, 11, 9, 1),)
((2, 3, 4, 6, 8, 7, 10, 12, 14, 13, 5, 9, 15, 0, 11, 1),)
((2, 3, 4, 6, 8, 7, 10, 12, 14, 13, 15, 0, 1, 11, 9, 5),)
((2, 3, 4, 6, 8, 9, 10, 12, 13, 11, 14, 1, 0, 15, 5, 7),)
((2, 3, 4, 6, 8, 9, 10, 12, 13, 14, 5, 15, 0, 7, 11, 1),)
((2, 3, 4, 6, 8, 9, 10, 12, 14, 7, 5, 15, 1, 11, 13, 0),)
((2, 3, 4, 6, 8, 9, 10, 12, 14, 13, 5, 15, 1, 7, 11, 0),)
((2, 3, 4, 6, 8, 10, 9, 11, 1, 12, 0, 14, 5, 15, 13, 7),)
((2, 3, 4, 6, 8, 10, 9, 11, 1, 12, 14, 13, 0, 15, 7, 5),)
((2, 3, 4, 6, 8, 10, 9, 11, 5, 12, 0, 14, 15, 7, 1, 13),)
((2, 3, 4, 6, 8, 10, 9, 11, 5, 12, 14, 1, 15, 7, 0, 13),)
((2, 3, 4, 6, 8, 10, 9, 11, 12, 14, 0, 5, 7, 15, 13, 1),)
((2, 3, 4, 6, 8, 10, 9, 12, 1, 13, 7, 14, 11, 15, 5, 0),)
((2, 3, 4, 6, 8, 10, 9, 12, 5, 11, 13, 14, 1, 15, 7, 0),)
((2, 3, 4, 6, 8, 10, 9, 12, 5, 13, 0, 14, 11, 15, 1, 7),)
((2, 3, 4, 6, 8, 10, 9, 12, 11, 14, 13, 5, 15, 0, 7, 1),)
((2, 3, 4, 6, 8, 10, 9, 12, 11, 14, 15, 13, 0, 7, 5, 1),)
((2, 3, 4, 6, 8, 10, 9, 12, 13, 11, 1, 14, 15, 7, 5, 0),)
((2, 3, 4, 6, 8, 10, 9, 12, 13, 14, 15, 1, 0, 7, 5, 11),)
((2, 3, 4, 6, 8, 10, 9, 12, 13, 14, 15, 1, 11, 5, 7, 0),)
((2, 3, 4, 6, 8, 10, 11, 9, 5, 12, 13, 14, 1, 15, 7, 0),)
((2, 3, 4, 6, 8, 10, 11, 9, 7, 12, 13, 14, 15, 1, 5, 0),)
((2, 3, 4, 6, 8, 10, 11, 9, 12, 0, 13, 14, 15, 1, 5, 7),)
((2, 3, 4, 6, 8, 10, 11, 12, 5, 1, 13, 14, 9, 15, 7, 0),)
((2, 3, 4, 6, 8, 10, 11, 12, 5, 7, 13, 14, 1, 15, 9, 0),)
((2, 3, 4, 6, 8, 10, 11, 12, 5, 13, 9, 14, 1, 15, 7, 0),)
((2, 3, 4, 6, 8, 10, 11, 12, 5, 13, 14, 7, 15, 0, 9, 1),)
((2, 3, 4, 6, 8, 10, 11, 12, 5, 14, 13, 15, 1, 9, 0, 7),)
((2, 3, 4, 6, 8, 10, 11, 12, 5, 14, 15, 7, 9, 0, 1, 13),)
((2, 3, 4, 6, 8, 10, 11, 12, 7, 13, 1, 14, 9, 15, 5, 0),)
((2, 3, 4, 6, 8, 10, 11, 12, 7, 14, 1, 9, 15, 0, 5, 13),)
((2, 3, 4, 6, 8, 10, 11, 12, 7, 14, 15, 5, 9, 0, 13, 1),)
((2, 3, 4, 6, 8, 10, 11, 12, 14, 1, 13, 15, 9, 0, 5, 7),)
((2, 3, 4, 6, 8, 10, 11, 12, 14, 13, 1, 15, 9, 0, 7, 5),)
((2, 3, 4, 6, 8, 10, 12, 11, 5, 0, 14, 13, 7, 15, 9, 1),)
((2, 3, 4, 6, 8, 10, 12, 11, 5, 1, 13, 14, 7, 15, 9, 0),)
((2, 3, 4, 6, 8, 10, 12, 11, 5, 7, 0, 14, 15, 9, 1, 13),)
((2, 3, 4, 6, 8, 10, 12, 11, 5, 7, 14, 1, 15, 9, 0, 13),)
((2, 3, 4, 6, 8, 10, 12, 11, 5, 13, 0, 14, 15, 1, 9, 7),)
((2, 3, 4, 6, 8, 10, 12, 11, 5, 13, 14, 1, 15, 0, 9, 7),)
((2, 3, 4, 6, 8, 10, 12, 11, 5, 14, 0, 15, 9, 1, 7, 13),)
((2, 3, 4, 6, 8, 10, 12, 11, 5, 14, 15, 1, 9, 0, 7, 13),)
((2, 3, 4, 6, 8, 10, 12, 11, 7, 0, 14, 1, 9, 15, 13, 5),)
((2, 3, 4, 6, 8, 10, 12, 11, 7, 0, 14, 9, 5, 15, 13, 1),)
((2, 3, 4, 6, 8, 10, 12, 11, 7, 14, 0, 5, 9, 15, 13, 1),)
((2, 3, 4, 6, 8, 10, 12, 11, 7, 14, 0, 9, 15, 1, 5, 13),)
((2, 3, 4, 6, 8, 10, 12, 11, 13, 0, 14, 1, 15, 9, 7, 5),)
((2, 3, 4, 6, 8, 10, 12, 11, 13, 14, 0, 9, 15, 5, 1, 7),)
((2, 3, 4, 6, 8, 10, 12, 11, 13, 14, 9, 1, 15, 5, 0, 7),)
((2, 3, 4, 6, 8, 10, 12, 14, 1, 7, 0, 15, 5, 11, 13, 9),)
((2, 3, 4, 6, 8, 10, 12, 14, 5, 0, 13, 1, 7, 15, 11, 9),)
((2, 3, 4, 6, 8, 10, 12, 14, 5, 0, 15, 1, 7, 11, 13, 9),)
((2, 3, 4, 6, 8, 10, 12, 14, 5, 1, 13, 9, 7, 15, 11, 0),)
((2, 3, 4, 6, 8, 10, 12, 14, 5, 1, 15, 9, 7, 11, 13, 0),)
((2, 3, 4, 6, 8, 10, 12, 14, 7, 0, 15, 1, 5, 11, 9, 13),)
((2, 3, 4, 6, 8, 10, 12, 14, 7, 11, 1, 5, 9, 15, 13, 0),)
((2, 3, 4, 6, 8, 10, 12, 14, 7, 13, 15, 9, 11, 1, 5, 0),)
((2, 4, 1, 5, 6, 8, 9, 3, 10, 12, 13, 14, 0, 15, 7, 11),)
((2, 4, 1, 5, 6, 8, 9, 3, 10, 12, 14, 0, 11, 15, 13, 7),)
((2, 4, 1, 5, 6, 8, 9, 10, 12, 11, 14, 0, 7, 15, 13, 3),)
((2, 4, 1, 5, 6, 8, 10, 3, 12, 14, 9, 15, 11, 7, 0, 13),)
((2, 4, 1, 5, 6, 8, 10, 12, 7, 13, 0, 14, 11, 15, 9, 3),)
((2, 4, 1, 5, 6, 8, 10, 12, 7, 13, 9, 14, 15, 0, 3, 11),)
((2, 4, 1, 6, 3, 7, 8, 10, 11, 12, 14, 0, 15, 5, 9, 13),)
((2, 4, 1, 6, 3, 7, 8, 10, 11, 12, 14, 13, 15, 0, 9, 5),)
((2, 4, 1, 6, 3, 7, 8, 10, 12, 14, 9, 0, 11, 15, 13, 5),)
((2, 4, 1, 6, 3, 8, 9, 5, 10, 12, 13, 14, 0, 15, 7, 11),)
((2, 4, 1, 6, 3, 8, 9, 5, 10, 12, 14, 0, 11, 15, 13, 7),)
((2, 4, 1, 6, 3, 8, 9, 10, 12, 11, 14, 0, 7, 15, 13, 5),)
((2, 4, 1, 6, 3, 8, 10, 5, 12, 14, 9, 15, 11, 7, 0, 13),)
((2, 4, 1, 6, 3, 8, 10, 12, 7, 13, 0, 14, 11, 15, 9, 5),)
((2, 4, 1, 6, 3, 8, 10, 12, 7, 13, 9, 14, 15, 0, 5, 11),)
((2, 4, 1, 6, 7, 3, 8, 10, 11, 0, 12, 14, 9, 15, 13, 5),)
((2, 4, 1, 6, 7, 3, 8, 10, 12, 0, 9, 14, 11, 15, 13, 5),)
((2, 4, 1, 6, 7, 8, 10, 9, 3, 11, 12, 14, 15, 5, 0, 13),)
((2, 4, 1, 6, 7, 8, 10, 9, 3, 12, 13, 14, 0, 15, 5, 11),)
((2, 4, 1, 6, 7, 8, 10, 9, 3, 12, 14, 0, 11, 15, 13, 5),)
((2, 4, 1, 6, 7, 8, 10, 9, 12, 11, 14, 13, 15, 0, 5, 3),)
((2, 4, 1, 6, 7, 8, 10, 12, 3, 11, 13, 14, 0, 15, 5, 9),)
((2, 4, 1, 6, 7, 8, 10, 12, 14, 11, 15, 0, 9, 3, 13, 5),)
((2, 4, 1, 6, 8, 3, 9, 10, 12, 11, 0, 14, 7, 15, 13, 5),)
((2, 4, 1, 6, 8, 3, 10, 12, 7, 13, 9, 14, 0, 15, 5, 11),)
((2, 4, 1, 6, 8, 3, 10, 12, 7, 13, 14, 0, 11, 15, 9, 5),)
((2, 4, 1, 6, 8, 7, 10, 9, 3, 11, 12, 14, 0, 15, 13, 5),)
((2, 4, 1, 6, 8, 7, 10, 9, 3, 12, 0, 14, 11, 15, 13, 5),)
((2, 4, 1, 6, 8, 7, 10, 9, 3, 12, 13, 14, 15, 0, 5, 11),)
((2, 4, 1, 6, 8, 7, 10, 9, 12, 11, 14, 13, 0, 15, 5, 3),)
((2, 4, 1, 6, 8, 7, 10, 12, 3, 11, 13, 14, 15, 0, 5, 9),)
((2, 4, 1, 6, 8, 7, 10, 12, 13, 11, 0, 14, 15, 3, 5, 9),)
((2, 4, 1, 6, 8, 10, 0, 12, 3, 14, 9, 15, 11, 5, 7, 13),)
((2, 4, 1, 6, 8, 10, 0, 12, 11, 7, 14, 13, 15, 3, 9, 5),)
((2, 4, 1, 6, 8, 10, 0, 12, 11, 14, 13, 15, 5, 9, 7, 3),)
((2, 4, 1, 6, 8, 10, 5, 9, 11, 12, 14, 13, 3, 15, 7, 0),)
((2, 4, 1, 6, 8, 10, 5, 11, 12, 14, 9, 15, 0, 7, 13, 3),)
((2, 4, 1, 6, 8, 10, 5, 12, 0, 14, 9, 15, 11, 3, 7, 13),)
((2, 4, 1, 6, 8, 10, 5, 12, 11, 14, 7, 15, 9, 3, 13, 0),)
((2, 4, 1, 6, 8, 10, 9, 12, 11, 14, 13, 15, 5, 3, 7, 0),)
((2, 4, 1, 6, 8, 10, 11, 5, 12, 14, 9, 15, 0, 3, 13, 7),)
((2, 4, 1, 6, 8, 10, 11, 9, 3, 12, 14, 13, 15, 0, 7, 5),)
((2, 4, 1, 6, 8, 10, 11, 12, 0, 14, 9, 15, 5, 3, 13, 7),)
((2, 4, 1, 6, 8, 10, 11, 12, 3, 7, 14, 13, 15, 0, 9, 5),)
((2, 4, 1, 6, 8, 10, 12, 0, 11, 14, 3, 15, 9, 5, 13, 7),)
((2, 4, 1, 6, 8, 10, 12, 11, 7, 14, 3, 15, 9, 5, 13, 0),)
((2, 4, 1, 6, 8, 10, 12, 14, 0, 7, 9, 15, 5, 11, 13, 3),)
((2, 4, 1, 6, 8, 10, 12, 14, 0, 15, 9, 7, 11, 5, 13, 3),)
((2, 4, 1, 6, 8, 10, 12, 14, 3, 7, 9, 15, 0, 11, 13, 5),)
((2, 4, 1, 6, 8, 10, 12, 14, 7, 3, 9, 13, 15, 5, 0, 11),)
((2, 4, 1, 6, 8, 10, 12, 14, 11, 7, 13, 3, 0, 15, 5, 9),)
((2, 4, 1, 6, 8, 10, 12, 14, 11, 13, 7, 3, 0, 15, 9, 5),)
((2, 4, 1, 6, 8, 10, 12, 14, 11, 15, 13, 7, 5, 9, 0, 3),)
((2, 4, 1, 6, 8, 10, 12, 14, 13, 3, 9, 7, 15, 0, 5, 11),)
((2, 4, 5, 6, 7, 8, 10, 12, 11, 13, 1, 14, 15, 0, 9, 3),)
((2, 4, 5, 6, 7, 8, 10, 12, 13, 11, 14, 0, 3, 15, 1, 9),)
((2, 4, 5, 6, 7, 8, 10, 12, 13, 14, 1, 9, 15, 11, 0, 3),)
((2, 4, 5, 6, 8, 7, 10, 12, 0, 14, 13, 3, 9, 15, 1, 11),)
((2, 4, 5, 6, 8, 7, 10, 12, 0, 14, 13, 9, 1, 15, 3, 11),)
((2, 4, 5, 6, 8, 7, 10, 12, 11, 13, 1, 14, 15, 0, 3, 9),)
((2, 4, 5, 6, 8, 7, 10, 12, 13, 11, 0, 14, 3, 15, 1, 9),)
((2, 4, 5, 6, 8, 7, 10, 12, 14, 11, 15, 13, 9, 0, 3, 1),)
((2, 4, 5, 6, 8, 10, 0, 9, 12, 14, 7, 15, 11, 1, 3, 13),)
((2, 4, 5, 6, 8, 10, 1, 12, 7, 11, 14, 13, 15, 0, 9, 3),)
((2, 4, 5, 6, 8, 10, 9, 11, 3, 12, 14, 13, 15, 0, 7, 1),)
((2, 4, 5, 6, 8, 10, 9, 12, 13, 14, 1, 15, 3, 11, 7, 0),)
((2, 4, 5, 6, 8, 10, 9, 12, 14, 1, 7, 15, 11, 0, 3, 13),)
((2, 4, 5, 6, 8, 10, 11, 9, 12, 14, 15, 13, 3, 1, 0, 7),)
((2, 4, 5, 6, 8, 10, 11, 12, 0, 14, 1, 13, 9, 15, 3, 7),)
((2, 4, 5, 6, 8, 10, 11, 12, 3, 14, 13, 9, 0, 15, 1, 7),)
((2, 4, 5, 6, 8, 10, 12, 9, 14, 1, 7, 13, 15, 3, 0, 11),)
((2, 4, 5, 6, 8, 10, 12, 14, 7, 13, 3, 15, 11, 1, 9, 0),)
((2, 4, 6, 5, 8, 10, 9, 12, 13, 11, 1, 14, 0, 15, 7, 3),)
