((1, 2, 0, 4, 6, 8, 10, 11, 7, 3, 12, 13, 14, 15, 5, 9),)
((1, 2, 4, 5, 3, 0), (2, 3, 4, 5, 6, 7, 8, 9, 1, 0))
((1, 2, 4, 5, 6, 7, 8, 9, 0, 10, 12, 3, 14, 15, 13, 11),)
((1, 2, 4, 5, 6, 7, 8, 10, 11, 12, 14, 0, 15, 3, 9, 13),)
((1, 2, 4, 5, 6, 7, 8, 10, 12, 14, 9, 0, 11, 15, 13, 3),)
((1, 2, 4, 5, 6, 8, 9, 10, 12, 11, 14, 0, 7, 15, 13, 3),)
((1, 2, 4, 5, 6, 8, 9, 10, 12, 13, 14, 0, 15, 11, 3, 7),)
((1, 2, 4, 5, 6, 8, 10, 11, 7, 12, 0, 13, 14, 15, 3, 9),)
((1, 2, 4, 5, 6, 8, 10, 12, 7, 13, 9, 14, 15, 0, 3, 11),)
((1, 2, 4, 6, 0, 8, 10, 11, 12, 13, 5, 9, 14, 15, 7, 3),)
((1, 2, 4, 6, 7, 8, 10, 9, 12, 11, 14, 13, 15, 0, 5, 3),)
((1, 2, 4, 6, 7, 8, 10, 9, 12, 13, 5, 14, 15, 0, 3, 11),)
((1, 2, 4, 6, 7, 8, 10, 11, 3, 12, 14, 15, 5, 9, 13, 0),)
((1, 2, 4, 6, 7, 8, 10, 11, 12, 14, 15, 9, 3, 5, 0, 13),)
((1, 2, 4, 6, 8, 0, 9, 3, 10, 11, 12, 13, 14, 15, 5, 7),)
((1, 2, 4, 6, 8, 9, 0, 10, 12, 13, 5, 7, 14, 15, 3, 11),)
((1, 2, 4, 6, 8, 9, 5, 10, 12, 11, 14, 13, 0, 15, 3, 7),)
((1, 2, 4, 6, 8, 9, 5, 10, 12, 13, 3, 14, 15, 11, 7, 0),)
((1, 2, 4, 6, 8, 9, 10, 12, 7, 13, 5, 3, 14, 15, 0, 11),)
((1, 2, 4, 6, 8, 10, 5, 11, 0, 12, 9, 13, 14, 15, 7, 3),)
((1, 2, 4, 6, 8, 10, 5, 11, 7, 12, 14, 15, 3, 9, 13, 0),)
((1, 2, 4, 6, 8, 10, 12, 13, 7, 3, 9, 5, 14, 15, 11, 0),)
