((1, 2, 0, 4, 6, 7, 8, 9, 10, 11, 12, 13, 5, 3),)
((1, 2, 0, 4, 6, 8, 10, 11, 7, 3, 12, 13, 5, 9),)
((1, 2, 4, 5, 3, 0), (2, 3, 4, 5, 6, 7, 1, 0))
((1, 2, 4, 5, 6, 7, 0, 8, 10, 3, 12, 13, 11, 9),)
((1, 2, 4, 5, 6, 7, 8, 9, 0, 10, 12, 13, 11, 3),)
((1, 2, 4, 5, 6, 7, 8, 9, 10, 12, 0, 13, 11, 3),)
((1, 2, 4, 5, 6, 7, 8, 10, 0, 12, 9, 13, 11, 3),)
((1, 2, 4, 5, 6, 7, 8, 10, 11, 12, 13, 0, 3, 9),)
((1, 2, 4, 5, 6, 8, 0, 10, 7, 11, 12, 13, 9, 3),)
((1, 2, 4, 5, 6, 8, 9, 10, 12, 0, 13, 3, 7, 11),)
((1, 2, 4, 5, 6, 8, 9, 10, 12, 11, 13, 0, 7, 3),)
((1, 2, 4, 5, 6, 8, 9, 10, 12, 13, 3, 7, 11, 0),)
((1, 2, 4, 5, 6, 8, 10, 11, 7, 12, 0, 13, 3, 9),)
((1, 2, 4, 5, 6, 8, 10, 12, 7, 0, 9, 13, 11, 3),)
((1, 2, 4, 6, 0, 8, 5, 9, 10, 11, 12, 13, 7, 3),)
((1, 2, 4, 6, 0, 8, 10, 11, 12, 13, 5, 9, 7, 3),)
((1, 2, 4, 6, 7, 8, 10, 9, 12, 0, 5, 13, 11, 3),)
((1, 2, 4, 6, 7, 8, 10, 9, 12, 11, 13, 0, 3, 5),)
((1, 2, 4, 6, 7, 8, 10, 9, 12, 13, 5, 3, 11, 0),)
((1, 2, 4, 6, 7, 8, 10, 11, 3, 5, 12, 13, 9, 0),)
((1, 2, 4, 6, 7, 8, 10, 11, 3, 12, 13, 0, 5, 9),)
((1, 2, 4, 6, 7, 8, 10, 11, 12, 0, 13, 9, 3, 5),)
((1, 2, 4, 6, 8, 0, 9, 3, 10, 11, 12, 13, 5, 7),)
((1, 2, 4, 6, 8, 9, 0, 10, 12, 13, 5, 7, 3, 11),)
((1, 2, 4, 6, 8, 9, 5, 3, 10, 11, 12, 13, 0, 7),)
((1, 2, 4, 6, 8, 9, 5, 10, 0, 11, 12, 13, 3, 7),)
((1, 2, 4, 6, 8, 9, 5, 10, 12, 11, 3, 13, 0, 7),)
((1, 2, 4, 6, 8, 9, 5, 10, 12, 13, 3, 7, 0, 11),)
((1, 2, 4, 6, 8, 9, 10, 12, 7, 13, 5, 3, 0, 11),)
((1, 2, 4, 6, 8, 10, 5, 11, 0, 12, 9, 13, 7, 3),)
((1, 2, 4, 6, 8, 10, 5, 11, 7, 12, 13, 0, 3, 9),)
((1, 2, 4, 6, 8, 10, 12, 13, 7, 3, 9, 5, 11, 0),)
